2 -1.000000000000000000  0
3 -1.75487766624669276000 0
4 -1.94079980652948475000 0
4 -1.31070264133683288000 0
5 -1.98542425305420531000 0
5 -1.86078252220485487000 0
5 -1.62541372512330373000 0
6 -1.99637613771119375000 0
6 -1.96677321639292868000 0
6 -1.90728009106530196000 0
6 -1.77289290338162379000 0
6 -1.47601464272842989000 0
7 -1.99909568232701847000 0
7 -1.99181417254912221000 0
7 -1.97717958700625738000 0
7 -1.95370589428439624000 0
7 -1.92714770936395026000 0
7 -1.88480357158668179000 0
7 -1.83231520275122919000 0
7 -1.67406609147478797000 0
7 -1.57488913975230096000 0
8 -1.99977404869372732000 0
8 -1.99796291559771431000 0
8 -1.99433296671553490000 0
8 -1.98879327430947125000 0
8 -1.98165578627604443000 0
8 -1.97219983836687569000 0
8 -1.96075898719742895000 0
8 -1.94178209031819816000 0
8 -1.91709827711342200000 0
8 -1.89691799467883284000 0
8 -1.87000388082876536000 0
8 -1.85173004941064129000 0
8 -1.81000138572801207000 0
8 -1.71107947001315214000 0
8 -1.52181723167125099000 0
8 -1.38154748443206146000 0
9 -1.99994352176567400000 0
9 -1.99949143801639809000 0
9 -1.99858658884220687000 0
9 -1.99722302469657867000 0
9 -1.99541903266130813000 0
9 -1.99313025487897607000 0
9 -1.99037638105595122000 0
9 -1.98700434751504685000 0
9 -1.98381024999971508000 0
9 -1.97945750485595209000 0
9 -1.97478085890011990000 0
9 -1.96941912073089837000 0
9 -1.96402433682014527000 0
9 -1.95732505053569861000 0
9 -1.94957490324939122000 0
9 -1.93224396657609388000 0
9 -1.92228577824629577000 0
9 -1.91144463147345343000 0
9 -1.90311677301559685000 0
9 -1.89077542436023507000 0
9 -1.87838260150009612000 0
9 -1.84128856150969293000 0
9 -1.82275632249229264000 0
9 -1.78586564641067353000 0
9 -1.69014226311886330000 0
9 -1.65613256257420745000 0
9 -1.59568096343974577000 0
9 -1.55528270076858318000 0
10 -1.99998588114039210000 0
10 -1.99987291176632914000 0
10 -1.99964691773327293000 0
10 -1.99930750428060755000 0
10 -1.99885576598121522000 0
10 -1.99828890735047877000 0
10 -1.99760809386351739000 0
10 -1.99680455274246427000 0
10 -1.99592415193075320000 0
10 -1.99488919935077111000 0
10 -1.99374786424604647000 0
10 -1.99247938217849076000 0
10 -1.99112087612300338000 0
10 -1.98960058691204963000 0
10 -1.98794057428053254000 0
10 -1.98548232097316262000 0
10 -1.98271940829786773000 0
10 -1.98057717342423109000 0
10 -1.97829335447698296000 0
10 -1.97604216861175578000 0
10 -1.97349741732199784000 0
10 -1.97085788910142106000 0
10 -1.96774277629346657000 0
10 -1.96582178550207582000 0
10 -1.96237868970248239000 0
10 -1.95909804655230178000 0
10 -1.95542332702631577000 0
10 -1.95189999687374721000 0
10 -1.94687345417958138000 0
10 -1.93539073477253091000 0
10 -1.92932033094494758000 0
10 -1.92503423850107390000 0
10 -1.91963548931856335000 0
10 -1.91447986367840262000 0
10 -1.89983233779156034000 0
10 -1.89400202286050132000 0
10 -1.88717220639770306000 0
10 -1.88240793375399617000 0
10 -1.87431468380634127000 0
10 -1.86155841375372557000 0
10 -1.84662721119896838000 0
10 -1.83515884526123455000 0
10 -1.82950962395644557000 0
10 -1.81629485523839587000 0
10 -1.80243613481170939000 0
10 -1.72191509958869248000 0
10 -1.70170089120930122000 0
10 -1.62943250044632283000 0
10 -1.53624327128231050000 0
10 -1.50171683940963313000 0
10 -1.44700884060747507000 0
11 -1.99999647033500868000 0
11 -1.99996823170974758000 0
11 -1.99991175020850370000 0
11 -1.99982699961234071000 0
11 -1.99971404576921726000 0
11 -1.99957271129213806000 0
11 -1.99940306504450046000 0
11 -1.99920456649122570000 0
11 -1.99898002090253860000 0
11 -1.99872465490475143000 0
11 -1.99844141447760289000 0
11 -1.99812902407628959000 0
11 -1.99778973959122019000 0
11 -1.99741919086598431000 0
11 -1.99701879667579225000 0
11 -1.99657211224716452000 0
11 -1.99617828986356206000 0
11 -1.99567366731698796000 0
11 -1.99515805051697521000 0
11 -1.99461232031224347000 0
11 -1.99404677429473683000 0
11 -1.99344219345516160000 0
11 -1.99281027938604715000 0
11 -1.99213247341957872000 0
11 -1.99149119632418066000 0
11 -1.99075070729004102000 0
11 -1.98999426110752112000 0
11 -1.98919501477245884000 0
11 -1.98838134285664601000 0
11 -1.98748417111495934000 0
11 -1.98646760252030438000 0
11 -1.98440006246393813000 0
11 -1.98326219777556164000 0
11 -1.98217339368591100000 0
11 -1.98113535664549556000 0
11 -1.98001728811087201000 0
11 -1.97888781938217196000 0
11 -1.97764330477022891000 0
11 -1.97671679268040956000 0
11 -1.97540622957606305000 0
11 -1.97414956429425826000 0
11 -1.97282498774681752000 0
11 -1.97156613069100437000 0
11 -1.97014265013601334000 0
11 -1.96865363646404776000 0
11 -1.96485895176116374000 0
11 -1.96321162681565233000 0
11 -1.96152126329972372000 0
11 -1.95998986001930970000 0
11 -1.95820807239121765000 0
11 -1.95641477541186278000 0
11 -1.95416585740013474000 0
11 -1.95325511739711103000 0
11 -1.95073524872915063000 0
11 -1.94833019338324706000 0
11 -1.94498521105355728000 0
11 -1.93749413379514762000 0
11 -1.93371121757489761000 0
11 -1.93083096747663973000 0
11 -1.92358753854882929000 0
11 -1.92100094664586018000 0
11 -1.91818514873935574000 0
11 -1.91600348325174182000 0
11 -1.91296965553235220000 0
11 -1.90960582758114471000 0
11 -1.90503290569824270000 0
11 -1.90149257147350698000 0
11 -1.89808902791955012000 0
11 -1.89575422001047782000 0
11 -1.89234020708989787000 0
11 -1.88914713504040779000 0
11 -1.88024836508726496000 0
11 -1.87649299316641960000 0
11 -1.87170844105424156000 0
11 -1.86808014899098115000 0
11 -1.85376146047416153000 0
11 -1.84992089050422813000 0
11 -1.84379522177394292000 0
11 -1.83868216865219183000 0
11 -1.82569602826530823000 0
11 -1.81982150176118035000 0
11 -1.81176941717288050000 0
11 -1.80820544765822944000 0
11 -1.79605480792716215000 0
11 -1.73200627286965613000 0
11 -1.69523931209704078000 0
11 -1.68451712359623797000 0
11 -1.66311260836503291000 0
11 -1.64871382140573669000 0
11 -1.60431350105934605000 0
11 -1.58680468470846670000 0
11 -1.56362963108720118000 0
11 -1.54790376180395502000 0
12 -1.99999911758726082000 0
12 -1.99999205819442532000 0
12 -1.99997793909329423000 0
12 -1.99995675854640690000 0
12 -1.99992852051690794000 0
12 -1.99989321372835230000 0
12 -1.99985084223631315000 0
12 -1.99980137215939866000 0
12 -1.99974497757360218000 0
12 -1.99968136119653687000 0
12 -1.99961070577296692000 0
12 -1.99953293159166447000 0
12 -1.99944817815922480000 0
12 -1.99935617385782097000 0
12 -1.99925700735328067000 0
12 -1.99914974631876805000 0
12 -1.99904017254945713000 0
12 -1.99891868942535561000 0
12 -1.99879111896092831000 0
12 -1.99865636460201269000 0
12 -1.99851505913838332000 0
12 -1.99836602038216682000 0
12 -1.99820996674546317000 0
12 -1.99804579761983956000 0
12 -1.99787840712078897000 0
12 -1.99769971358136930000 0
12 -1.99751466145519464000 0
12 -1.99732166811036899000 0
12 -1.99712242552758652000 0
12 -1.99691295184856998000 0
12 -1.99669228479825320000 0
12 -1.99637969828591119000 0
12 -1.99604904187549507000 0
12 -1.99579952449182155000 0
12 -1.99554620821713912000 0
12 -1.99529033363302069000 0
12 -1.99502429942419451000 0
12 -1.99475215772417115000 0
12 -1.99446833831126600000 0
12 -1.99419628053962136000 0
12 -1.99389770083400361000 0
12 -1.99359631848931297000 0
12 -1.99328555976279182000 0
12 -1.99297306947600145000 0
12 -1.99264572408376744000 0
12 -1.99230954187895295000 0
12 -1.99192912179339766000 0
12 -1.99170041873995385000 0
12 -1.99130429429360225000 0
12 -1.99093706196279020000 0
12 -1.99056168751170918000 0
12 -1.99018929172995340000 0
12 -1.98979791469620321000 0
12 -1.98940047449534886000 0
12 -1.98897989618289235000 0
12 -1.98860507989290002000 0
12 -1.98816125661744287000 0
12 -1.98771599593663508000 0
12 -1.98724387903415515000 0
12 -1.98675249422889393000 0
12 -1.98613619123515148000 0
12 -1.98475320955103439000 0
12 -1.98408870263201747000 0
12 -1.98354084187204428000 0
12 -1.98298861534914178000 0
12 -1.98244968330968353000 0
12 -1.98188008519478006000 0
12 -1.98143195898532202000 0
12 -1.98085366319282848000 0
12 -1.98030003025093362000 0
12 -1.97972937840113966000 0
12 -1.97918360743825460000 0
12 -1.97859117169464624000 0
12 -1.97798513423327621000 0
12 -1.97636447732185974000 0
12 -1.97572624592610748000 0
12 -1.97508148796133371000 0
12 -1.97447915435691278000 0
12 -1.97382188363073181000 0
12 -1.97316864567460859000 0
12 -1.97244339406707331000 0
12 -1.97195662063951491000 0
12 -1.97120731782668679000 0
12 -1.97050631602047871000 0
12 -1.96976667387464570000 0
12 -1.96906306924078297000 0
12 -1.96822316152131906000 0
12 -1.96680880342522104000 0
12 -1.96531894353041027000 0
12 -1.96441230218684680000 0
12 -1.96364127044424208000 0
12 -1.96279040321621737000 0
12 -1.96196221076001985000 0
12 -1.96100249382327754000 0
12 -1.96051745150827511000 0
12 -1.95953398576277385000 0
12 -1.95866162857531119000 0
12 -1.95773816289556838000 0
12 -1.95690686640277414000 0
12 -1.95592106180402157000 0
12 -1.95488564352803900000 0
12 -1.95249390228213129000 0
12 -1.95132830869948384000 0
12 -1.95011362187473861000 0
12 -1.94902002756626945000 0
12 -1.94761697828275013000 0
12 -1.94604025894183718000 0
12 -1.94251904635206034000 0
12 -1.93632361358267585000 0
12 -1.93454493692011957000 0
12 -1.93288076121151130000 0
12 -1.93161942651727419000 0
12 -1.93006867189805647000 0
12 -1.92848785867941694000 0
12 -1.92584593612693280000 0
12 -1.92431427360803778000 0
12 -1.92284286153402936000 0
12 -1.92173309608752411000 0
12 -1.92030075900066366000 0
12 -1.91895550620942247000 0
12 -1.91520157280654399000 0
12 -1.91375736146621435000 0
12 -1.91210332474589469000 0
12 -1.91074213573749388000 0
12 -1.90739761835811037000 0
12 -1.90383983136375110000 0
12 -1.90243704952702458000 0
12 -1.90062791985942565000 0
12 -1.89902557352440428000 0
12 -1.89481191035053071000 0
12 -1.89320568464548957000 0
12 -1.89139874983489390000 0
12 -1.89014518511285202000 0
12 -1.88816741389788894000 0
12 -1.88583622564082148000 0
12 -1.88380119101346791000 0
12 -1.88133822385911201000 0
12 -1.87908953291281908000 0
12 -1.87767538836072982000 0
12 -1.87537411108751900000 0
12 -1.87318086504362574000 0
12 -1.86572332381696250000 0
12 -1.85643807948319082000 0
12 -1.84804251164556364000 0
12 -1.84528391895431818000 0
12 -1.84210755587159893000 0
12 -1.84046702850712274000 0
12 -1.83697054399369443000 0
12 -1.82758646612206133000 0
12 -1.82360619069298817000 0
12 -1.82191582276562286000 0
12 -1.81796908284971043000 0
12 -1.81448384217530110000 0
12 -1.80494914372916345000 0
12 -1.79975367505854603000 0
12 -1.78917504598601875000 0
12 -1.77826682111108196000 0
12 -1.72597869377401948000 0
12 -1.71797231941103095000 0
12 -1.70484065047363582000 0
12 -1.69884570078257991000 0
12 -1.67876789129807012000 0
12 -1.66964217697186364000 0
12 -1.64127850214542034000 0
12 -1.61297124857738626000 0
12 -1.54109410649138282000 0
12 -1.53005645596148015000 0
12 -1.51245267079438908000 0
12 -1.48092545016216227000 0
12 -1.41697773125021223000 0
13 -1.99999977939705882000 0
13 -1.99999801456726292000 0
13 -1.99999448488484120000 0
13 -1.99998919023498940000 0
13 -1.99998213085601337000 0
13 -1.99997330603085083000 0
13 -1.99996271599742738000 0
13 -1.99995035862276407000 0
13 -1.99993624474990035000 0
13 -1.99992035579793718000 0
13 -1.99990270314505230000 0
13 -1.99988328178683070000 0
13 -1.99986210039218894000 0
13 -1.99983914198402604000 0
13 -1.99981441207275162000 0
13 -1.99978785366870765000 0
13 -1.99975982228799067000 0
13 -1.99972972698666035000 0
13 -1.99969792577881478000 0
13 -1.99966435145261879000 0
13 -1.99962904332597238000 0
13 -1.99959192779710265000 0
13 -1.99955304949582601000 0
13 -1.99951234049257718000 0
13 -1.99947010264141121000 0
13 -1.99942583703374353000 0
13 -1.99937984863397205000 0
13 -1.99933203994296251000 0
13 -1.99928251533269026000 0
13 -1.99923103087501468000 0
13 -1.99917753967382852000 0
13 -1.99912012921986565000 0
13 -1.99907112310425828000 0
13 -1.99901015560106361000 0
13 -1.99894956066557631000 0
13 -1.99888738580214427000 0
13 -1.99882371928564691000 0
13 -1.99875809500411165000 0
13 -1.99869076217175337000 0
13 -1.99862138471225517000 0
13 -1.99855137862590205000 0
13 -1.99847842714890362000 0
13 -1.99840396333586026000 0
13 -1.99832759046632391000 0
13 -1.99824977494324132000 0
13 -1.99816971666297462000 0
13 -1.99808778712634967000 0
13 -1.99800228180093821000 0
13 -1.99792328428256799000 0
13 -1.99783414581658554000 0
13 -1.99774497133614867000 0
13 -1.99765396024282288000 0
13 -1.99756178396908266000 0
13 -1.99746712346533048000 0
13 -1.99737075573426156000 0
13 -1.99727170691624231000 0
13 -1.99717390425991670000 0
13 -1.99707079545130350000 0
13 -1.99696624272354665000 0
13 -1.99685887944953587000 0
13 -1.99674930639785820000 0
13 -1.99663360248270812000 0
13 -1.99650397648746817000 0
13 -1.99624958664590768000 0
13 -1.99611273556252035000 0
13 -1.99598605339044633000 0
13 -1.99586229891890464000 0
13 -1.99573665111940780000 0
13 -1.99561030056467043000 0
13 -1.99548090221178730000 0
13 -1.99535685881784403000 0
13 -1.99522421228094722000 0
13 -1.99509151013712961000 0
13 -1.99495645145422505000 0
13 -1.99482148606374119000 0
13 -1.99468243822725263000 0
13 -1.99454129856858116000 0
13 -1.99438891936851108000 0
13 -1.99427708447434743000 0
13 -1.99412100454825795000 0
13 -1.99397253159173931000 0
13 -1.99382226145626724000 0
13 -1.99367306382011763000 0
13 -1.99351933299071440000 0
13 -1.99336446470887810000 0
13 -1.99320458170425511000 0
13 -1.99305558361199697000 0
13 -1.99289158805855420000 0
13 -1.99272850885355951000 0
13 -1.99256195062402551000 0
13 -1.99239600226789722000 0
13 -1.99222192495742535000 0
13 -1.99203842245462378000 0
13 -1.99158865143640794000 0
13 -1.99139736740351955000 0
13 -1.99121127684600967000 0
13 -1.99103038532611074000 0
13 -1.99084380234854054000 0
13 -1.99065700671610738000 0
13 -1.99046316329092298000 0
13 -1.99028933025391572000 0
13 -1.99009143921154208000 0
13 -1.98989671267332452000 0
13 -1.98969796982402374000 0
13 -1.98950256790588585000 0
13 -1.98929797115712901000 0
13 -1.98909008017271477000 0
13 -1.98884359443384447000 0
13 -1.98874353304682160000 0
13 -1.98849128063059306000 0
13 -1.98827191276654774000 0
13 -1.98804924742462193000 0
13 -1.98783100134190413000 0
13 -1.98760035303689321000 0
13 -1.98736601003714755000 0
13 -1.98711442000286121000 0
13 -1.98689200017779239000 0
13 -1.98661261796763656000 0
13 -1.98631194047787413000 0
13 -1.98591933916534998000 0
13 -1.98497971174136401000 0
13 -1.98456695371576484000 0
13 -1.98424270947844548000 0
13 -1.98393174235402117000 0
13 -1.98369074384829126000 0
13 -1.98339955592872070000 0
13 -1.98312595724984021000 0
13 -1.98285029932292464000 0
13 -1.98258846172487737000 0
13 -1.98231138341808168000 0
13 -1.98203225741046409000 0
13 -1.98127836248829732000 0
13 -1.98099500317688639000 0
13 -1.98071115987187130000 0
13 -1.98044308241239376000 0
13 -1.98015796519062888000 0
13 -1.97987552920525437000 0
13 -1.97957264638329370000 0
13 -1.97934228812198590000 0
13 -1.97903414279177549000 0
13 -1.97874113806058835000 0
13 -1.97843800883234951000 0
13 -1.97814647327140011000 0
13 -1.97781918968771674000 0
13 -1.97742986657621625000 0
13 -1.97693379279160037000 0
13 -1.97653632967992085000 0
13 -1.97619581994601718000 0
13 -1.97588995406108545000 0
13 -1.97556490298236748000 0
13 -1.97524665104262363000 0
13 -1.97490139593583296000 0
13 -1.97466050938445199000 0
13 -1.97431187937694428000 0
13 -1.97398749286042463000 0
13 -1.97365315276707686000 0
13 -1.97334080751633043000 0
13 -1.97299680463184962000 0
13 -1.97264644662884546000 0
13 -1.97174977905054506000 0
13 -1.97138771995225977000 0
13 -1.97102446602366208000 0
13 -1.97069090507755696000 0
13 -1.97032334915374929000 0
13 -1.96995934003218496000 0
13 -1.96954938512173737000 0
13 -1.96928821495878431000 0
13 -1.96885670581290268000 0
13 -1.96844535895312628000 0
13 -1.96798205626311212000 0
13 -1.96745994844778018000 0
13 -1.96611267385208382000 0
13 -1.96557354666081829000 0
13 -1.96508229665230390000 0
13 -1.96463912568810733000 0
13 -1.96415551410271449000 0
13 -1.96389436198656683000 0
13 -1.96342108683984249000 0
13 -1.96300375331563705000 0
13 -1.96257216690252851000 0
13 -1.96218434885704073000 0
13 -1.96174144306242796000 0
13 -1.96128878427119603000 0
13 -1.96022734656622347000 0
13 -1.95976326038031471000 0
13 -1.95930104754595732000 0
13 -1.95889505918879713000 0
13 -1.95843227461333949000 0
13 -1.95798061437425719000 0
13 -1.95744603510425844000 0
13 -1.95720445058835262000 0
13 -1.95665505424228476000 0
13 -1.95617354113066680000 0
13 -1.95565689339631758000 0
13 -1.95518203830143888000 0
13 -1.95456468886710736000 0
13 -1.95283837235693296000 0
13 -1.95216776949106629000 0
13 -1.95163660961531618000 0
13 -1.95102774805903916000 0
13 -1.95043700606950297000 0
13 -1.94969325741462902000 0
13 -1.94945731224973405000 0
13 -1.94866776912433772000 0
13 -1.94798609952664222000 0
13 -1.94722029825215295000 0
13 -1.94650912507810944000 0
13 -1.94553836244186510000 0
13 -1.94428794481034628000 0
13 -1.93826025751165975000 0
13 -1.93688460692135258000 0
13 -1.93579086738769863000 0
13 -1.93500788614967017000 0
13 -1.93411336260829573000 0
13 -1.93331186122467177000 0
13 -1.93120591544024819000 0
13 -1.93046047750005941000 0
13 -1.92965305716620985000 0
13 -1.92897410657529194000 0
13 -1.92790186017776839000 0
13 -1.92642472406041461000 0
13 -1.92536756306047599000 0
13 -1.92471659796372350000 0
13 -1.92393865799058644000 0
13 -1.92323435508157143000 0
13 -1.92134648627120268000 0
13 -1.92066083708542622000 0
13 -1.91992105993040949000 0
13 -1.91934779145142358000 0
13 -1.91857007101734772000 0
13 -1.91773812208932246000 0
13 -1.91646048073741794000 0
13 -1.91560557157826326000 0
13 -1.91478355143625234000 0
13 -1.91417638854530433000 0
13 -1.91335478325597923000 0
13 -1.91256977378582668000 0
13 -1.91017072361719253000 0
13 -1.90893182621481289000 0
13 -1.90572591614871116000 0
13 -1.90444592001378619000 0
13 -1.90192625025212275000 0
13 -1.90107329757060108000 0
13 -1.90015514284830562000 0
13 -1.89950849466199278000 0
13 -1.89855681839060340000 0
13 -1.89750758378943576000 0
13 -1.89633728200711796000 0
13 -1.89528452723742995000 0
13 -1.89432198724624482000 0
13 -1.89368462680010183000 0
13 -1.89275771819448858000 0
13 -1.89191019018193759000 0
13 -1.88960955404212668000 0
13 -1.88868477207914676000 0
13 -1.88757801091463245000 0
13 -1.88672860608813790000 0
13 -1.88286957758828346000 0
13 -1.88198284127575675000 0
13 -1.88076535148261514000 0
13 -1.87972242378390477000 0
13 -1.87703118517645237000 0
13 -1.87596265679765692000 0
13 -1.87471678404183712000 0
13 -1.87390388265254833000 0
13 -1.87246184500254599000 0
13 -1.87051216336034892000 0
13 -1.86950443471922504000 0
13 -1.86699726267533763000 0
13 -1.86387537252217190000 0
13 -1.85843659260385231000 0
13 -1.85501623720327116000 0
13 -1.84896175846298696000 0
13 -1.84708691788127857000 0
13 -1.84617696442832516000 0
13 -1.84449719106989985000 0
13 -1.84306667879639048000 0
13 -1.83946593074793013000 0
13 -1.83790007193787185000 0
13 -1.83578747397329811000 0
13 -1.83441311186554007000 0
13 -1.83026398745464683000 0
13 -1.82887356834584041000 0
13 -1.82656364716317734000 0
13 -1.82481017458880142000 0
13 -1.82070644419208071000 0
13 -1.81896382080996547000 0
13 -1.81676937010476420000 0
13 -1.81581397366541454000 0
13 -1.81320454154421445000 0
13 -1.80655861747003788000 0
13 -1.80306475392580430000 0
13 -1.80180497420839973000 0
13 -1.79787231194627671000 0
13 -1.79384343954423065000 0
13 -1.73574321563953913000 0
13 -1.72911054753405267000 0
13 -1.71475577684301746000 0
13 -1.70769970387821458000 0
13 -1.69683361345578092000 0
13 -1.69348352579374668000 0
13 -1.68661487878984899000 0
13 -1.68237152970535799000 0
13 -1.66561527335881372000 0
13 -1.66052009811830654000 0
13 -1.65160182394094428000 0
13 -1.64584642129717848000 0
13 -1.60765279330969467000 0
13 -1.60076017036741740000 0
13 -1.59060497092925235000 0
13 -1.58276934496889291000 0
13 -1.56763717891866821000 0
13 -1.55981294657895094000 0
13 -1.55107190019127551000 0
13 -1.54520178169265663000 0
14 -1.99999994484928145000 0
14 -1.99999950364310493000 0
14 -1.99999862122913037000 0
14 -1.99999729759979348000 0
14 -1.99999553276940362000 0
14 -1.99999332669236888000 0
14 -1.99999067938258693000 0
14 -1.99998759070563288000 0
14 -1.99998406133758794000 0
14 -1.99998009011599130000 0
14 -1.99997567774997399000 0
14 -1.99997082392496154000 0
14 -1.99996552918034880000 0
14 -1.99995979245335532000 0
14 -1.99995361408599139000 0
14 -1.99994699053400755000 0
14 -1.99993994392443143000 0
14 -1.99993243745823581000 0
14 -1.99992449341801771000 0
14 -1.99991610762081327000 0
14 -1.99990728251729484000 0
14 -1.99989801350948510000 0
14 -1.99988830337911194000 0
14 -1.99987814789129604000 0
14 -1.99986756584313656000 0
14 -1.99985652615050101000 0
14 -1.99984504780398405000 0
14 -1.99983312472920978000 0
14 -1.99982076342267958000 0
14 -1.99980794871423755000 0
14 -1.99979467785881231000 0
14 -1.99978084284712375000 0
14 -1.99976716470202456000 0
14 -1.99975244537116790000 0
14 -1.99973740652211841000 0
14 -1.99972193765835267000 0
14 -1.99970604443869134000 0
14 -1.99968969787545949000 0
14 -1.99967291347011891000 0
14 -1.99965567040265508000 0
14 -1.99963805639080072000 0
14 -1.99961992784146670000 0
14 -1.99960137353038996000 0
14 -1.99958236888183602000 0
14 -1.99956294284755091000 0
14 -1.99954304575353194000 0
14 -1.99952270072350555000 0
14 -1.99950180672246467000 0
14 -1.99948096982364718000 0
14 -1.99945918654547781000 0
14 -1.99943706427661706000 0
14 -1.99941449607466499000 0
14 -1.99939152350154137000 0
14 -1.99936806498577737000 0
14 -1.99934416858177534000 0
14 -1.99931977478194971000 0
14 -1.99929512347891331000 0
14 -1.99926981426922694000 0
14 -1.99924408321627032000 0
14 -1.99921784791220485000 0
14 -1.99919114683059136000 0
14 -1.99916375689424130000 0
14 -1.99913536337408588000 0
14 -1.99909590351050920000 0
14 -1.99905533280516779000 0
14 -1.99902516258016536000 0
14 -1.99899509896115836000 0
14 -1.99896486096070448000 0
14 -1.99893417027333062000 0
14 -1.99890310156235083000 0
14 -1.99887151372503307000 0
14 -1.99883991632648622000 0
14 -1.99880746207347479000 0
14 -1.99877466925166111000 0
14 -1.99874139836305133000 0
14 -1.99870779973854818000 0
14 -1.99867361722398643000 0
14 -1.99863897374626083000 0
14 -1.99860338275277701000 0
14 -1.99856971572441203000 0
14 -1.99853323057722308000 0
14 -1.99849680293583760000 0
14 -1.99845993074452373000 0
14 -1.99842279007355970000 0
14 -1.99838503829897866000 0
14 -1.99834688295791330000 0
14 -1.99830809268709904000 0
14 -1.99826961711100571000 0
14 -1.99822990750909609000 0
14 -1.99818991428506914000 0
14 -1.99814937593253904000 0
14 -1.99810853937063751000 0
14 -1.99806688471448849000 0
14 -1.99802438927854594000 0
14 -1.99797704364065653000 0
14 -1.99794886310302675000 0
14 -1.99790060836386816000 0
14 -1.99785630054290774000 0
14 -1.99781190726401332000 0
14 -1.99776748243158989000 0
14 -1.99772237951334612000 0
14 -1.99767692724189469000 0
14 -1.99763072807794053000 0
14 -1.99758535911573228000 0
14 -1.99753824479828453000 0
14 -1.99749097187740680000 0
14 -1.99744312314385622000 0
14 -1.99739513613483084000 0
14 -1.99734626693266528000 0
14 -1.99729687179421112000 0
14 -1.99724552813624667000 0
14 -1.99720046227375394000 0
14 -1.99714810581858637000 0
14 -1.99709668808797518000 0
14 -1.99704474218938697000 0
14 -1.99699271561005708000 0
14 -1.99693965235123580000 0
14 -1.99688606224110844000 0
14 -1.99683125553384182000 0
14 -1.99677764101650922000 0
14 -1.99672091413328432000 0
14 -1.99666324606879573000 0
14 -1.99660319210415982000 0
14 -1.99653953731230181000 0
14 -1.99646267424876021000 0
14 -1.99629214392635246000 0
14 -1.99621253152295124000 0
14 -1.99614532510120448000 0
14 -1.99608069237358895000 0
14 -1.99601756595771578000 0
14 -1.99595425750175344000 0
14 -1.99589406893196416000 0
14 -1.99583085191967984000 0
14 -1.99576816574360608000 0
14 -1.99570499115223181000 0
14 -1.99564225272210126000 0
14 -1.99557828760932252000 0
14 -1.99551387138837399000 0
14 -1.99544576791698950000 0
14 -1.99539229925773345000 0
14 -1.99532337846936299000 0
14 -1.99525734594794488000 0
14 -1.99519092646448971000 0
14 -1.99512508402162023000 0
14 -1.99505790641617743000 0
14 -1.99499054416140516000 0
14 -1.99492174613331894000 0
14 -1.99485656029837220000 0
14 -1.99478677497785214000 0
14 -1.99471743500480733000 0
14 -1.99464717961677246000 0
14 -1.99457724837829086000 0
14 -1.99450505541929551000 0
14 -1.99443041965811353000 0
14 -1.99423500361678773000 0
14 -1.99415852924460757000 0
14 -1.99408352247366004000 0
14 -1.99401002173208694000 0
14 -1.99393508285263980000 0
14 -1.99386018090243762000 0
14 -1.99378356032575517000 0
14 -1.99371209429916826000 0
14 -1.99363459497735721000 0
14 -1.99355797033812680000 0
14 -1.99348043776140184000 0
14 -1.99340381095606159000 0
14 -1.99332504995526142000 0
14 -1.99324564100304857000 0
14 -1.99315908257349766000 0
14 -1.99310146752529500000 0
14 -1.99301388022748187000 0
14 -1.99293243098894788000 0
14 -1.99285052775018829000 0
14 -1.99276992210354794000 0
14 -1.99268709501998504000 0
14 -1.99260412662850358000 0
14 -1.99251866606471514000 0
14 -1.99243994011275200000 0
14 -1.99235271672874306000 0
14 -1.99226606942629537000 0
14 -1.99217702897910005000 0
14 -1.99208687163044348000 0
14 -1.99198710035651065000 0
14 -1.99181622214220972000 0
14 -1.99164134200602095000 0
14 -1.99153855816854009000 0
14 -1.99144465536895732000 0
14 -1.99135060048573450000 0
14 -1.99125802046351162000 0
14 -1.99116334197268570000 0
14 -1.99107841755154238000 0
14 -1.99098349411639144000 0
14 -1.99089062409186915000 0
14 -1.99079664611367965000 0
14 -1.99070463056310223000 0
14 -1.99060936430589908000 0
14 -1.99051337079607555000 0
14 -1.99040411795571702000 0
14 -1.99034875617610413000 0
14 -1.99023848530108401000 0
14 -1.99014048855073006000 0
14 -1.99004212231618450000 0
14 -1.98994631537488424000 0
14 -1.98984722063510195000 0
14 -1.98974835549935775000 0
14 -1.98964585782497086000 0
14 -1.98955521274135562000 0
14 -1.98945128433638973000 0
14 -1.98934953747185478000 0
14 -1.98924580702962055000 0
14 -1.98914377084670901000 0
14 -1.98903566229266462000 0
14 -1.98892018307853334000 0
14 -1.98866604004085512000 0
14 -1.98854770810162378000 0
14 -1.98843516479358369000 0
14 -1.98832763525817546000 0
14 -1.98821643376762757000 0
14 -1.98810578345123240000 0
14 -1.98799042684251227000 0
14 -1.98789057540018492000 0
14 -1.98777320459956810000 0
14 -1.98765859398894407000 0
14 -1.98754133559708452000 0
14 -1.98742654713846162000 0
14 -1.98730514238721058000 0
14 -1.98718110482122690000 0
14 -1.98702514919484809000 0
14 -1.98698372939783834000 0
14 -1.98682115034001195000 0
14 -1.98668346272835592000 0
14 -1.98653960087150315000 0
14 -1.98639311780789482000 0
14 -1.98622675876701161000 0
14 -1.98603633555575650000 0
14 -1.98576219615188260000 0
14 -1.98514199486198969000 0
14 -1.98485789604720049000 0
14 -1.98465759450480961000 0
14 -1.98447991324889903000 0
14 -1.98432245771067004000 0
14 -1.98416491416593112000 0
14 -1.98401220809815590000 0
14 -1.98361317911984363000 0
14 -1.98347018088689916000 0
14 -1.98332886947126136000 0
14 -1.98319579908939371000 0
14 -1.98305685046122887000 0
14 -1.98292021182163548000 0
14 -1.98277656116404217000 0
14 -1.98266230874133458000 0
14 -1.98251835457448082000 0
14 -1.98238106885309488000 0
14 -1.98224068630268761000 0
14 -1.98210541564233308000 0
14 -1.98195770605139975000 0
14 -1.98179163452915079000 0
14 -1.98152089252164797000 0
14 -1.98135371986548104000 0
14 -1.98120419961536224000 0
14 -1.98106711191447094000 0
14 -1.98092381980911697000 0
14 -1.98078330024790102000 0
14 -1.98063444522409060000 0
14 -1.98051994984924092000 0
14 -1.98037069261422404000 0
14 -1.98022953446250227000 0
14 -1.98008548467111771000 0
14 -1.97994886180140855000 0
14 -1.97980239439123518000 0
14 -1.97965441307484651000 0
14 -1.97925969583595298000 0
14 -1.97910914059270930000 0
14 -1.97895850726646010000 0
14 -1.97881705840826685000 0
14 -1.97866577691432628000 0
14 -1.97851588608585084000 0
14 -1.97835391969990347000 0
14 -1.97823248901660986000 0
14 -1.97806525550347688000 0
14 -1.97790383433912123000 0
14 -1.97773039309760555000 0
14 -1.97754890493478659000 0
14 -1.97718556541832738000 0
14 -1.97681290529428372000 0
14 -1.97662779132394248000 0
14 -1.97644880936021818000 0
14 -1.97628100465237657000 0
14 -1.97610440474491211000 0
14 -1.97598025679438907000 0
14 -1.97580673468344964000 0
14 -1.97564622369434599000 0
14 -1.97548248474142535000 0
14 -1.97532979612569217000 0
14 -1.97516392723234412000 0
14 -1.97499640801557068000 0
14 -1.97456495302159863000 0
14 -1.97439579767178080000 0
14 -1.97422724738488410000 0
14 -1.97407194819439588000 0
14 -1.97390404633632935000 0
14 -1.97373909666236828000 0
14 -1.97355884281921190000 0
14 -1.97343595549376392000 0
14 -1.97325342933927391000 0
14 -1.97308381943132641000 0
14 -1.97290766979406669000 0
14 -1.97274088525228468000 0
14 -1.97254877126759000000 0
14 -1.97230193692560680000 0
14 -1.97209936217040095000 0
14 -1.97184959081444463000 0
14 -1.97165268700083054000 0
14 -1.97148070192151569000 0
14 -1.97129654441941846000 0
14 -1.97111765247906667000 0
14 -1.97092121156517462000 0
14 -1.97079462197185052000 0
14 -1.97059695467142917000 0
14 -1.97041591878004358000 0
14 -1.97022886382453435000 0
14 -1.97005588843840304000 0
14 -1.96986301262180662000 0
14 -1.96966603829243927000 0
14 -1.96916826043590108000 0
14 -1.96896076873654697000 0
14 -1.96875043640535127000 0
14 -1.96855569819358862000 0
14 -1.96833449858844270000 0
14 -1.96810757112395223000 0
14 -1.96783286791811872000 0
14 -1.96764769050213229000 0
14 -1.96725030256987616000 0
14 -1.96632748326741128000 0
14 -1.96591697456523318000 0
14 -1.96573172944526234000 0
14 -1.96544110913064252000 0
14 -1.96520077992564015000 0
14 -1.96496352728197886000 0
14 -1.96475520377797101000 0
14 -1.96452499916805958000 0
14 -1.96429498648670257000 0
14 -1.96375640474478196000 0
14 -1.96353148203485358000 0
14 -1.96330969095717484000 0
14 -1.96311392880203278000 0
14 -1.96289577227336630000 0
14 -1.96268411633905538000 0
14 -1.96244233826974782000 0
14 -1.96231511715747202000 0
14 -1.96207076887157095000 0
14 -1.96185375074675080000 0
14 -1.96162529839176248000 0
14 -1.96141476860013969000 0
14 -1.96115572914023097000 0
14 -1.96036257689265070000 0
14 -1.96009859571088803000 0
14 -1.95988334858562813000 0
14 -1.95964676560240624000 0
14 -1.95942061673096461000 0
14 -1.95915995512173795000 0
14 -1.95903632841169349000 0
14 -1.95877522099176231000 0
14 -1.95854872965992824000 0
14 -1.95831266120559015000 0
14 -1.95810284797319480000 0
14 -1.95785922173988078000 0
14 -1.95760954884356945000 0
14 -1.95703861013617234000 0
14 -1.95678175589928605000 0
14 -1.95652611586537530000 0
14 -1.95630325577851602000 0
14 -1.95604596922212844000 0
14 -1.95579375114931267000 0
14 -1.95548828806183639000 0
14 -1.95535806175029900000 0
14 -1.95503208536648520000 0
14 -1.95473331443302982000 0
14 -1.95437033247872200000 0
14 -1.95372158009295169000 0
14 -1.95304338437375852000 0
14 -1.95265828260831742000 0
14 -1.95233403675350413000 0
14 -1.95196432601269037000 0
14 -1.95183626442076138000 0
14 -1.95147728689420571000 0
14 -1.95118070861276718000 0
14 -1.95086981295540593000 0
14 -1.95059959208610517000 0
14 -1.95027535373020582000 0
14 -1.94993870699483943000 0
14 -1.94920465217776454000 0
14 -1.94884575373671958000 0
14 -1.94848467622040220000 0
14 -1.94817441964812504000 0
14 -1.94779999306646907000 0
14 -1.94742815687345063000 0
14 -1.94693773446408566000 0
14 -1.94680926298917782000 0
14 -1.94627104471763647000 0
14 -1.94580102544569933000 0
14 -1.94524732927046275000 0
14 -1.94469618186110937000 0
14 -1.94376269286296512000 0
14 -1.93884711225787888000 0
14 -1.93780663132478646000 0
14 -1.93721051138044249000 0
14 -1.93659075305815547000 0
14 -1.93606417438150032000 0
14 -1.93476369740260453000 0
14 -1.93433252049641643000 0
14 -1.93388822827530952000 0
14 -1.93353495437564265000 0
14 -1.93309466280247963000 0
14 -1.93264488586892104000 0
14 -1.93184924988668785000 0
14 -1.93141332876583021000 0
14 -1.93099460866005717000 0
14 -1.93066824802245940000 0
14 -1.93026043206876552000 0
14 -1.92987246775280365000 0
14 -1.92872678854138668000 0
14 -1.92822827071120406000 0
14 -1.92717610400578846000 0
14 -1.92610162571671144000 0
14 -1.92561118684337778000 0
14 -1.92450308567426574000 0
14 -1.92413055784242776000 0
14 -1.92373895865911682000 0
14 -1.92343590883319923000 0
14 -1.92303767482847376000 0
14 -1.92262148947726533000 0
14 -1.92195280606150545000 0
14 -1.92154048191338294000 0
14 -1.92114808729232994000 0
14 -1.92085484258183595000 0
14 -1.92047596524749684000 0
14 -1.92012216908724206000 0
14 -1.91914139531881819000 0
14 -1.91877014459661608000 0
14 -1.91835311734226402000 0
14 -1.91800760467620497000 0
14 -1.91737430149737695000 0
14 -1.91682887878221245000 0
14 -1.91618475679386574000 0
14 -1.91583144868960547000 0
14 -1.91539624945806855000 0
14 -1.91500498232427561000 0
14 -1.91395430970388060000 0
14 -1.91356287936245514000 0
14 -1.91313278642448253000 0
14 -1.91280416634247881000 0
14 -1.91233775852078385000 0
14 -1.91182221887002227000 0
14 -1.91105529786721885000 0
14 -1.91046441887976756000 0
14 -1.90984901522800542000 0
14 -1.90934545957765346000 0
14 -1.90843452547816842000 0
14 -1.90623430731406856000 0
14 -1.90529840478647518000 0
14 -1.90478436251357836000 0
14 -1.90413552618068478000 0
14 -1.90349521401766183000 0
14 -1.90275263072668306000 0
14 -1.90218075650684366000 0
14 -1.90166675108835825000 0
14 -1.90132083472977451000 0
14 -1.90084248951332549000 0
14 -1.90040910197575090000 0
14 -1.89925031560897696000 0
14 -1.89880225184745976000 0
14 -1.89828401824106363000 0
14 -1.89787945132118943000 0
14 -1.89596323392472406000 0
14 -1.89556002760051511000 0
14 -1.89503686930618483000 0
14 -1.89458513385430403000 0
14 -1.89342587853514814000 0
14 -1.89299038172394354000 0
14 -1.89250661181402001000 0
14 -1.89217213109819455000 0
14 -1.89165513459630955000 0
14 -1.89106834361721367000 0
14 -1.89048323677090682000 0
14 -1.88987881947305825000 0
14 -1.88932776696561757000 0
14 -1.88896661862610464000 0
14 -1.88841863227679095000 0
14 -1.88790331621659804000 0
14 -1.88629356892189203000 0
14 -1.88484735811491998000 0
14 -1.88332826755864530000 0
14 -1.88162675527286228000 0
14 -1.88106204505878369000 0
14 -1.88044555922750808000 0
14 -1.88005027825647084000 0
14 -1.87940675226989976000 0
14 -1.87864942175356198000 0
14 -1.87811916080154790000 0
14 -1.87735358495988859000 0
14 -1.87669359830119907000 0
14 -1.87629363636176981000 0
14 -1.87565681798473527000 0
14 -1.87508020766232412000 0
14 -1.87351234339589432000 0
14 -1.87284658347773314000 0
14 -1.87200542238487432000 0
14 -1.87137348240936646000 0
14 -1.86850449131258018000 0
14 -1.86768154111598932000 0
14 -1.86635299142247318000 0
14 -1.86499745851212729000 0
14 -1.85722600019967351000 0
14 -1.85574496859325598000 0
14 -1.85420779956346098000 0
14 -1.85327190781738593000 0
14 -1.85032626896855630000 0
14 -1.84957097343347014000 0
14 -1.84846556211400578000 0
14 -1.84761918134596420000 0
14 -1.84567096285590067000 0
14 -1.84491214027468334000 0
14 -1.84402698157145373000 0
14 -1.84356139922863250000 0
14 -1.84259603152286548000 0
14 -1.83996210932997089000 0
14 -1.83893034848650722000 0
14 -1.83843462947667805000 0
14 -1.83741647469172894000 0
14 -1.83648528849473574000 0
14 -1.83241364640965883000 0
14 -1.82811205364982273000 0
14 -1.82710034848818083000 0
14 -1.82595263951042561000 0
14 -1.82543892512255417000 0
14 -1.82422443113018857000 0
14 -1.82129586953955238000 0
14 -1.82006851507960478000 0
14 -1.81957728696288286000 0
14 -1.81843603259013670000 0
14 -1.81747529688347667000 0
14 -1.81505141532373837000 0
14 -1.81391250702179265000 0
14 -1.81221991873199183000 0
14 -1.81119288889908942000 0
14 -1.80881474012056155000 0
14 -1.80772086317515660000 0
14 -1.80568285954936285000 0
14 -1.80418767188120029000 0
14 -1.80060521112366799000 0
14 -1.79890787682934425000 0
14 -1.79649892827892301000 0
14 -1.79559604147811073000 0
14 -1.79195922272983952000 0
15 -1.999999986212321400 0
15 -1.999999875910864600 0
15 -1.999999655307837000 0
15 -1.999999324402741900 0
15 -1.999998883196437000 0
15 -1.999998331686024100 0
15 -1.999997669872311400 0
15 -1.999996897746824800 0
15 -1.999995022614283300 0
15 -1.999979028359302000 0
15 -1.999976822252728300 0
15 -1.999974505673572700 0
15 -1.999972078795377000 0
15 -1.999966894521241200 0
15 -1.999969541353438600 0
15 -1.999964136357419900 0
15 -1.999961268047518500 0
15 -1.999958289211973200 0
15 -1.999955200256128100 0
15 -1.999948688973104000 0
15 -1.999952000232828200 0
15 -1.999945259882863800 0
15 -1.999941757349296600 0
15 -1.999938107524596600 0
15 -1.999934354836176300 0
15 -1.999930492534662600 0
15 -1.999926520975510200 0
15 -1.999922438349095200 0
15 -1.999918245622658300 0
15 -1.999913941497618100 0
15 -1.999909531443172300 0
15 -1.999905006504187000 0
15 -1.999900372215831300 0
15 -1.999890772798459600 0
15 -1.999895627045346300 0
15 -1.999885806375807400 0
15 -1.999880729220504500 0
15 -1.999875535098301300 0
15 -1.999870261529115300 0
15 -1.999864846347864300 0
15 -1.999847959527238300 0
15 -1.999859327156355400 0
15 -1.999853697352701500 0
15 -1.999842108595856600 0
15 -1.999836147552946500 0
15 -1.999830072700396100 0
15 -1.999823898942555000 0
15 -1.999817601398932400 0
15 -1.999811194738077900 0
15 -1.999777103806271900 0
15 -1.999804673855527700 0
15 -1.999798041166545500 0
15 -1.999791283036136600 0
15 -1.999784381638883800 0
15 -1.999756144269649200 0
15 -1.999770986650288200 0
15 -1.999763487713251700 0
15 -1.999748722533409900 0
15 -1.999733579931116200 0
15 -1.999741206776964900 0
15 -1.999725846661255700 0
15 -1.999717998233185900 0
15 -1.999710066245473400 0
15 -1.999701998142281700 0
15 -1.999693826062019200 0
15 -1.999685541354210100 0
15 -1.999677153366626900 0
15 -1.999668646170784700 0
15 -1.999660027422027500 0
15 -1.999651267778195000 0
15 -1.999642542033843500 0
15 -1.999633560979255900 0
15 -1.999624499665962000 0
15 -1.999615327791644900 0
15 -1.999606056302836600 0
15 -1.999596663915518500 0
15 -1.999587163520575100 0
15 -1.999577540827568400 0
15 -1.999567854499666500 0
15 -1.999558008819914100 0
15 -1.999548062498427000 0
15 -1.999537999395947000 0
15 -1.999527834803042100 0
15 -1.999517536637209100 0
15 -1.999507104202566300 0
15 -1.999496346381339100 0
15 -1.999486513537813000 0
15 -1.999475533346973800 0
15 -1.999464656531556100 0
15 -1.997711020663266000 0
15 -1.997688377148065400 0
15 -1.997665455145491800 0
15 -1.997642407148960000 0
15 -1.997618672529218900 0
15 -1.997597500527561500 0
15 -1.997573536759297700 0
15 -1.997550032374131100 0
15 -1.997526420353499700 0
15 -1.997502876497771400 0
15 -1.997455158209647600 0
15 -1.997479052614031600 0
15 -1.997430971491613000 0
15 -1.997407382553272800 0
15 -1.997382942589510700 0
15 -1.997358540358838800 0
15 -1.997333937944906700 0
15 -1.997309350718413200 0
15 -1.997284333379885300 0
15 -1.997258878833027400 0
15 -1.997229096235561400 0
15 -1.997216989065967000 0
15 -1.997186953154108200 0
15 -1.997160993776983900 0
15 -1.997135211302888600 0
15 -1.997109625182681200 0
15 -1.997083743541126400 0
15 -1.997057809450039100 0
15 -1.997031533861740600 0
15 -1.997006029122855700 0
15 -1.996979472893509700 0
15 -1.996952981284549200 0
15 -1.996926260477257700 0
15 -1.996899597210352700 0
15 -1.996872490443472900 0
15 -1.996845171396643100 0
15 -1.996816711952647000 0
15 -1.996792360880888200 0
15 -1.996763429588257500 0
15 -1.996677898325672300 0
15 -1.996735156434105400 0
15 -1.996706570927113900 0
15 -1.996648484174733800 0
15 -1.996618534390616700 0
15 -1.996587451224408800 0
15 -1.996556426918897300 0
15 -1.996522163518470200 0
15 -1.996484470444043000 0
15 -1.996436113924278100 0
15 -1.996230686727744600 0
15 -1.996319249998181700 0
15 -1.996269746777817000 0
15 -1.996194775184364500 0
15 -1.996162104188675000 0
15 -1.996128914981354600 0
15 -1.996096687354201400 0
15 -1.996064741262714800 0
15 -1.996033386169526100 0
15 -1.996001791236673000 0
15 -1.995970263696279700 0
15 -1.995937394564205600 0
15 -1.995910927089793900 0
15 -1.995878071862626100 0
15 -1.995846587813196100 0
15 -1.995815087759134500 0
15 -1.995783953911164800 0
15 -1.995752395005154600 0
15 -1.995720874933514000 0
15 -1.995688893483968700 0
15 -1.995658423036043200 0
15 -1.995626247024754100 0
15 -1.995594335610979300 0
15 -1.995562161933447600 0
15 -1.995530193865980900 0
15 -1.995497462236372400 0
15 -1.995463934129033200 0
15 -1.995374004776936400 0
15 -1.995340070224509000 0
15 -1.995306718823950400 0
15 -1.995273961342847800 0
15 -1.995240760207287500 0
15 -1.995207630865708300 0
15 -1.995173972721131100 0
15 -1.995142110677576900 0
15 -1.995108258323889700 0
15 -1.995074750320847000 0
15 -1.995040989610194200 0
15 -1.995007574076526100 0
15 -1.994939272926834700 0
15 -1.994973504028451100 0
15 -1.994902938020097500 0
15 -1.994875460742970200 0
15 -1.994838879079687800 0
15 -1.994734954462403300 0
15 -1.994804157333060600 0
15 -1.994769335581414700 0
15 -1.994699925242035700 0
15 -1.994664891580275200 0
15 -1.994629150083159900 0
15 -1.994595445533071700 0
15 -1.994559251713229600 0
15 -1.994523268994034600 0
15 -1.994486639276873000 0
15 -1.994449759495558100 0
15 -1.994410386090461800 0
15 -1.994362859538443300 0
15 -1.994303345977500600 0
15 -1.994255358474444200 0
15 -1.994215279635444000 0
15 -1.994177504869774100 0
15 -1.994139700902710000 0
15 -1.994102323585940500 0
15 -1.994064416026978500 0
15 -1.994029135788858000 0
15 -1.993991212265610700 0
15 -1.993953855295248500 0
15 -1.993916228495635800 0
15 -1.993879141017046700 0
15 -1.993841222262711300 0
15 -1.993803143132025300 0
15 -1.993733592241556000 0
15 -1.993762145091273500 0
15 -1.993692373228566300 0
15 -1.993653857697706800 0
15 -1.993615271451971300 0
15 -1.993577348517404400 0
15 -1.993538625560545200 0
15 -1.993499983604742200 0
15 -1.993460490951823900 0
15 -1.993423869428869500 0
15 -1.993384077192604800 0
15 -1.993344828832902100 0
15 -1.993305138205272900 0
15 -1.993265881514158200 0
15 -1.993225249864732300 0
15 -1.993183123157916000 0
15 -1.993077265531072900 0
15 -1.993034628185635700 0
15 -1.992993212160074000 0
15 -1.992952966363267700 0
15 -1.992911966859058900 0
15 -1.992871163297096100 0
15 -1.992829440691447500 0
15 -1.992791098887436200 0
15 -1.992749137415154200 0
15 -1.992707872324615900 0
15 -1.992666196507757000 0
15 -1.992625198511321200 0
15 -1.992540630907977400 0
15 -1.992583045887251300 0
15 -1.992494039187958900 0
15 -1.992464729562342600 0
15 -1.992417702450345800 0
15 -1.992374413993886200 0
15 -1.992330899096298200 0
15 -1.992288113067750800 0
15 -1.992244002175408200 0
15 -1.992199672398490900 0
15 -1.992153670462340400 0
15 -1.992111052468448200 0
15 -1.992062797778569900 0
15 -1.992013353489531200 0
15 -1.991959112767733600 0
15 -1.991893450450958000 0
15 -1.991469203267300700 0
15 -1.991736531720979200 0
15 -1.991669929620831800 0
15 -1.991614431100312800 0
15 -1.991563499002756400 0
15 -1.991513375538095400 0
15 -1.991420830814706800 0
15 -1.991374021460741600 0
15 -1.991281479169523700 0
15 -1.991327119667874600 0
15 -1.991234623696042500 0
15 -1.991187702062429300 0
15 -1.991135288560570200 0
15 -1.991106496752505800 0
15 -1.991054014907333000 0
15 -1.991006971814539800 0
15 -1.990959943153326300 0
15 -1.990914180019253400 0
15 -1.990867154660036300 0
15 -1.990820379586040000 0
15 -1.990772236008032400 0
15 -1.990729155774074900 0
15 -1.990633295341393700 0
15 -1.990680702421913500 0
15 -1.990585229833318600 0
15 -1.990537998480021800 0
15 -1.990488502913134500 0
15 -1.990436393669682500 0
15 -1.990316320297532700 0
15 -1.990263707313435500 0
15 -1.990213431092096000 0
15 -1.990165242128588900 0
15 -1.990115880200221000 0
15 -1.990066945403763600 0
15 -1.990016549036051100 0
15 -1.989971962739399200 0
15 -1.989921369908888500 0
15 -1.989872069574149400 0
15 -1.989822198651234300 0
15 -1.989773572710957100 0
15 -1.989723157644507400 0
15 -1.989672443345623400 0
15 -1.989587241640758300 0
15 -1.989613962298823100 0
15 -1.989528403540843400 0
15 -1.989323697315065000 0
15 -1.989476981389002300 0
15 -1.989425464010274900 0
15 -1.989375455061891400 0
15 -1.989272113504145600 0
15 -1.989218554458020500 0
15 -1.989171388510992500 0
15 -1.989116838779435800 0
15 -1.989063131370288200 0
15 -1.989007598868755700 0
15 -1.988951316015841600 0
15 -1.988886160322939700 0
15 -1.988700565166299700 0
15 -1.988634301926564000 0
15 -1.988576653129028300 0
15 -1.988519272752493000 0
15 -1.988463379041447700 0
15 -1.988356673631174200 0
15 -1.988406045536238900 0
15 -1.988299570275361900 0
15 -1.988244297738204000 0
15 -1.988188358884584600 0
15 -1.988134087154955300 0
15 -1.988077508604913400 0
15 -1.988020541384923900 0
15 -1.987952218799394800 0
15 -1.987928972650830900 0
15 -1.987860144067855400 0
15 -1.987802178992785100 0
15 -1.987744060303994600 0
15 -1.987687886013970400 0
15 -1.987629399708490200 0
15 -1.987571135843424500 0
15 -1.987510287095851000 0
15 -1.987457971623729700 0
15 -1.987396113392175100 0
15 -1.987274037510858800 0
15 -1.987335805824349500 0
15 -1.987213373761067100 0
15 -1.987148276000787700 0
15 -1.987077563643252700 0
15 -1.986930286870251900 0
15 -1.986856293454535500 0
15 -1.986786083986791900 0
15 -1.986718806301906800 0
15 -1.986648060985041900 0
15 -1.986576667736835300 0
15 -1.986500416470941000 0
15 -1.986434302416355500 0
15 -1.986352667319250000 0
15 -1.986270204141478100 0
15 -1.986181409267725700 0
15 -1.986088802887238300 0
15 -1.985980296177318100 0
15 -1.985849775999429400 0
15 -1.985526105811851400 0
15 -1.985051680535675900 0
15 -1.984916390232276400 0
15 -1.984802875551374700 0
15 -1.984705666885369300 0
15 -1.984611415625779300 0
15 -1.984523410555924600 0
15 -1.984435171279348200 0
15 -1.984365415892062100 0
15 -1.984281978824833800 0
15 -1.984203887331306800 0
15 -1.984125807366459600 0
15 -1.984051553247240900 0
15 -1.983972518348246800 0
15 -1.983886638412071700 0
15 -1.983734851507777700 0
15 -1.983651260571966300 0
15 -1.983575771946109800 0
15 -1.983506294573201400 0
15 -1.983434589564506500 0
15 -1.983364539879194600 0
15 -1.983291418314275100 0
15 -1.983233045808557200 0
15 -1.983160475188748400 0
15 -1.983091587894210800 0
15 -1.983021816828565600 0
15 -1.982955380756343100 0
15 -1.982885195211248700 0
15 -1.982814699574822600 0
15 -1.982624123000305200 0
15 -1.982553485010154500 0
15 -1.982483033711187400 0
15 -1.982416347301207500 0
15 -1.982346056023026800 0
15 -1.982276499651335100 0
15 -1.982202682781147600 0
15 -1.982143994254414800 0
15 -1.982068602500515600 0
15 -1.981995547955300200 0
15 -1.981918502006221800 0
15 -1.981839422922783800 0
15 -1.981731025222270600 0
15 -1.981581708180660800 0
15 -1.981472846125571700 0
15 -1.981393292725858600 0
15 -1.981315483104008100 0
15 -1.981164850565428700 0
15 -1.981241562177408000 0
15 -1.981105989001516100 0
15 -1.981030574275023600 0
15 -1.980959620677597000 0
15 -1.980887677222853000 0
15 -1.980819607937558600 0
15 -1.980747164261518900 0
15 -1.980674322185028700 0
15 -1.980480005955701300 0
15 -1.980406970115392400 0
15 -1.980334209136049200 0
15 -1.980265890932527300 0
15 -1.980193528291123800 0
15 -1.980122221089499300 0
15 -1.980046281807214400 0
15 -1.979988271015872000 0
15 -1.979911771902231200 0
15 -1.979839296297645900 0
15 -1.979764862169052700 0
15 -1.979693468317144100 0
15 -1.979614496220021300 0
15 -1.979523653605705500 0
15 -1.979300075860611400 0
15 -1.979391562509747800 0
15 -1.979220071389171200 0
15 -1.979147501395605700 0
15 -1.979071337200621000 0
15 -1.978996836924947100 0
15 -1.978917490804076300 0
15 -1.978858153987505200 0
15 -1.978778601030311900 0
15 -1.978703767080221200 0
15 -1.978627258181871400 0
15 -1.978554935555696200 0
15 -1.978476928192080900 0
15 -1.978397943340294700 0
15 -1.978187659385965700 0
15 -1.978106089196985100 0
15 -1.978023879070633300 0
15 -1.977946118904336400 0
15 -1.977861510412683100 0
15 -1.977680018109470300 0
15 -1.977775923832217200 0
15 -1.977605415492616400 0
15 -1.977491976384637700 0
15 -1.977354180405327800 0
15 -1.977010245336698000 0
15 -1.976870835975874900 0
15 -1.976755032381872300 0
15 -1.976679734505203400 0
15 -1.976580910803059000 0
15 -1.976492639510224900 0
15 -1.976404882892455600 0
15 -1.976324278555849000 0
15 -1.976238218654485600 0
15 -1.976152363079309400 0
15 -1.975932757316199600 0
15 -1.975848419545813900 0
15 -1.975764828208314200 0
15 -1.975687771439140800 0
15 -1.975375460207610800 0
15 -1.975605227936448400 0
15 -1.975524370364501800 0
15 -1.975436993406648900 0
15 -1.975287610446925500 0
15 -1.975205739359724900 0
15 -1.975121258634426700 0
15 -1.975041152397536400 0
15 -1.974950404340660300 0
15 -1.974839573315164000 0
15 -1.974722515714680600 0
15 -1.974611265255766600 0
15 -1.974519821935447400 0
15 -1.974439016240525200 0
15 -1.974353399093333100 0
15 -1.974270247812918800 0
15 -1.974180389285253200 0
15 -1.974118773595551400 0
15 -1.974029010258949100 0
15 -1.973946158856995100 0
15 -1.973861277699492800 0
15 -1.973782357717288600 0
15 -1.973696053529692800 0
15 -1.973608780080060400 0
15 -1.973385663759194000 0
15 -1.973297280051075300 0
15 -1.973209164856029900 0
15 -1.973128117409063800 0
15 -1.972953162595596700 0
15 -1.973040004717437700 0
15 -1.972857391691109400 0
15 -1.972792398982915000 0
15 -1.972693236384090800 0
15 -1.972598831716839300 0
15 -1.972495555604097100 0
15 -1.972385008412403300 0
15 -1.972015623015904500 0
15 -1.971903769923872600 0
15 -1.971798490702584300 0
15 -1.971701775847431600 0
15 -1.971599167815334600 0
15 -1.971533286532937400 0
15 -1.971433260551556500 0
15 -1.971342540478077100 0
15 -1.971249862515619000 0
15 -1.971164686348247300 0
15 -1.971070947217293800 0
15 -1.970976261537706700 0
15 -1.970739372599035200 0
15 -1.970644089990852800 0
15 -1.970549391457483200 0
15 -1.970463295292070900 0
15 -1.970369216089746800 0
15 -1.970277102426446000 0
15 -1.970175110835709300 0
15 -1.970110143663950300 0
15 -1.970006790742849300 0
15 -1.969911863840079000 0
15 -1.969719623192017800 0
15 -1.969812820281492800 0
15 -1.969610324907980400 0
15 -1.969459103406208100 0
15 -1.969225824203626200 0
15 -1.969379620546224200 0
15 -1.969112400661934000 0
15 -1.969014339973320900 0
15 -1.968908200973420500 0
15 -1.968804773057193400 0
15 -1.968617834297529100 0
15 -1.968689324940953400 0
15 -1.968499640645473800 0
15 -1.968390851166855500 0
15 -1.968276376005791800 0
15 -1.968169017483326200 0
15 -1.968045356739055200 0
15 -1.967914379706503700 0
15 -1.967550670218379100 0
15 -1.967363210800223500 0
15 -1.967103759182231800 0
15 -1.966476503209991300 0
15 -1.966212034817348200 0
15 -1.966018895741773000 0
15 -1.965644871477368200 0
15 -1.965506861715994800 0
15 -1.965375930778004100 0
15 -1.965262841234690200 0
15 -1.965140560046391600 0
15 -1.965024092173974800 0
15 -1.964823166096586700 0
15 -1.964894883058380600 0
15 -1.964695774459951800 0
15 -1.964582832931935700 0
15 -1.964465662538170700 0
15 -1.964358012780420100 0
15 -1.964229202093364900 0
15 -1.963179009537464400 0
15 -1.963821351797977700 0
15 -1.963694379871856900 0
15 -1.963589268880383500 0
15 -1.963475405673378500 0
15 -1.963366647539658700 0
15 -1.963244326817400700 0
15 -1.963057464461494900 0
15 -1.962950450035720900 0
15 -1.962839915311819900 0
15 -1.962740708775485300 0
15 -1.962627999208433400 0
15 -1.962513486741627200 0
15 -1.962243568721387700 0
15 -1.962127813936640900 0
15 -1.962012994693816700 0
15 -1.961911448706124900 0
15 -1.961685092134223700 0
15 -1.961797013355665700 0
15 -1.961555031858156300 0
15 -1.961487293666190500 0
15 -1.961350991011748400 0
15 -1.961224831573363100 0
15 -1.961079192131689200 0
15 -1.960902769365643300 0
15 -1.960617748404683600 0
15 -1.960440119819131900 0
15 -1.960023441498836700 0
15 -1.960292404866622400 0
15 -1.960163907188470200 0
15 -1.959956542658772400 0
15 -1.959821513397009800 0
15 -1.959705721730122400 0
15 -1.959586591689253200 0
15 -1.959481273516676200 0
15 -1.959360625061521600 0
15 -1.959238192361683100 0
15 -1.958835369721962900 0
15 -1.958958008424726700 0
15 -1.958714360932282400 0
15 -1.958609045392380600 0
15 -1.958489724763806200 0
15 -1.958374224505546000 0
15 -1.958239295822721500 0
15 -1.958176844359629000 0
15 -1.957921088948361800 0
15 -1.958040194381299700 0
15 -1.957795004684486100 0
15 -1.957679824265705400 0
15 -1.957534735800041000 0
15 -1.957114738837330900 0
15 -1.956966687624916800 0
15 -1.956848365494734200 0
15 -1.956717305961067900 0
15 -1.956592437111238000 0
15 -1.956383246509873800 0
15 -1.956446348318174000 0
15 -1.956236577947339400 0
15 -1.956110843883514600 0
15 -1.955979127433756800 0
15 -1.955862510257477600 0
15 -1.955725325549866600 0
15 -1.955583681238924500 0
15 -1.955259549892513600 0
15 -1.955107950586198800 0
15 -1.954953821842232000 0
15 -1.954816232532193600 0
15 -1.954649533736226200 0
15 -1.954474208965407200 0
15 -1.954225668519031100 0
15 -1.954099180827412000 0
15 -1.953321547272635500 0
15 -1.953195626520486000 0
15 -1.952934066247149700 0
15 -1.952748100068589300 0
15 -1.952568697835735500 0
15 -1.952420081972025900 0
15 -1.952250164785048100 0
15 -1.952080545886886400 0
15 -1.950951553045414700 0
15 -1.951721610304469400 0
15 -1.951557198460427000 0
15 -1.951396385968766400 0
15 -1.951260521227246700 0
15 -1.951103011926628600 0
15 -1.950766218510221000 0
15 -1.950704313576431700 0
15 -1.950515907032916800 0
15 -1.950358090471170100 0
15 -1.950188662456753900 0
15 -1.950036064422587400 0
15 -1.949832505725399100 0
15 -1.948939805203928200 0
15 -1.949314923316713700 0
15 -1.949102216108707700 0
15 -1.948755073750143800 0
15 -1.948579548538934300 0
15 -1.948361359754081000 0
15 -1.948299098329653300 0
15 -1.947531908234948900 0
15 -1.948077280763167400 0
15 -1.947895136496474100 0
15 -1.947700903208627400 0
15 -1.947324523818799900 0
15 -1.947106353415737600 0
15 -1.946633188938683600 0
15 -1.946391769971560700 0
15 -1.946145793967078300 0
15 -1.945933013626131200 0
15 -1.945669307552228900 0
15 -1.945401290887362100 0
15 -1.945026468127152500 0
15 -1.944943751489570200 0
15 -1.944494760479990700 0
15 -1.944055061876604600 0
15 -1.943341053304026100 0
15 -1.845160321660951800 0
15 -1.939337725250500400 0
15 -1.938518506286216900 0
15 -1.938031452496509400 0
15 -1.937037253659552400 0
15 -1.936738750827752300 0
15 -1.936441101567855100 0
15 -1.936207735326729100 0
15 -1.935925786827438400 0
15 -1.935644557970082500 0
15 -1.935144440449152700 0
15 -1.934885636854978500 0
15 -1.934640777513050500 0
15 -1.934450340777625500 0
15 -1.934220098346968600 0
15 -1.934005749838809000 0
15 -1.933418348739117700 0
15 -1.933206280953639000 0
15 -1.932976533550736700 0
15 -1.932781257160161900 0
15 -1.932486134877047200 0
15 -1.931715805481775800 0
15 -1.932005564109610300 0
15 -1.931527180528811000 0
15 -1.931306413358598900 0
15 -1.931104998849205300 0
15 -1.930559286325417100 0
15 -1.930362979112595800 0
15 -1.930153062951748500 0
15 -1.929983499908872500 0
15 -1.929762786137250200 0
15 -1.929529091548190900 0
15 -1.929106816535454800 0
15 -1.928852661355851900 0
15 -1.928593794924272600 0
15 -1.928378150759094700 0
15 -1.928071292016666700 0
15 -1.927690411041448300 0
15 -1.926634611046144300 0
15 -1.926256972855833600 0
15 -1.925953270773033100 0
15 -1.925742488227718300 0
15 -1.925487151089694900 0
15 -1.925235750949872100 0
15 -1.924609746817806500 0
15 -1.924838873164588000 0
15 -1.924395036865784100 0
15 -1.924234454000877600 0
15 -1.924031898474200600 0
15 -1.923844165845083300 0
15 -1.923329962252131400 0
15 -1.923139361611938800 0
15 -1.922928493150445100 0
15 -1.922752979207551500 0
15 -1.922455673370315500 0
15 -1.922118015359339100 0
15 -1.921821989252203000 0
15 -1.921648603921374700 0
15 -1.921440041217233900 0
15 -1.921252459381887400 0
15 -1.920752261865819700 0
15 -1.920570971378509100 0
15 -1.920376000371772700 0
15 -1.920224963275186200 0
15 -1.920021403989769600 0
15 -1.919805566939625700 0
15 -1.919245223227065400 0
15 -1.919464984575176100 0
15 -1.919034503738933100 0
15 -1.918876603184660200 0
15 -1.918667890166132500 0
15 -1.918469061355365700 0
15 -1.917871002900329900 0
15 -1.917588058807855100 0
15 -1.916612830634836000 0
15 -1.916324994965400000 0
15 -1.915710688439254300 0
15 -1.915503524845057800 0
15 -1.915283837268543500 0
15 -1.915119040319125400 0
15 -1.914655104564859700 0
15 -1.914893860815347800 0
15 -1.914305067106578000 0
15 -1.914065814746505500 0
15 -1.913839731437571900 0
15 -1.913675422100721100 0
15 -1.913455926638575300 0
15 -1.913251196151589700 0
15 -1.912680529684293500 0
15 -1.912458855300929800 0
15 -1.912204630900266300 0
15 -1.911995054871568300 0
15 -1.911557775886226800 0
15 -1.911333264074443200 0
15 -1.910864730398013100 0
15 -1.910624640719173800 0
15 -1.910313597675599600 0
15 -1.910022613875731000 0
15 -1.908710780189147200 0
15 -1.909133983867858900 0
15 -1.908042403586681900 0
15 -1.906633026215868600 0
15 -1.905952173524338500 0
15 -1.905518091636107000 0
15 -1.904601306937728800 0
15 -1.904295643081090700 0
15 -1.903963286558175900 0
15 -1.903709924911782100 0
15 -1.902553498992642500 0
15 -1.902328879834751100 0
15 -1.902047408547073800 0
15 -1.901804927966823200 0
15 -1.901187650749188900 0
15 -1.900961764203791700 0
15 -1.900715313183807500 0
15 -1.900539924808543100 0
15 -1.900281972317094700 0
15 -1.899999215831981600 0
15 -1.899665710724772700 0
15 -1.899379952915166900 0
15 -1.899115888325369200 0
15 -1.898935490316007200 0
15 -1.898676084792891800 0
15 -1.898432604692256800 0
15 -1.897693461300406200 0
15 -1.897264262075995200 0
15 -1.895164385253140300 0
15 -1.896581149063444300 0
15 -1.896150722690066900 0
15 -1.895409677239675800 0
15 -1.894901605281584400 0
15 -1.894722026321097800 0
15 -1.894453173882457900 0
15 -1.894157332746852800 0
15 -1.893847861920249900 0
15 -1.893555325243737400 0
15 -1.893292246092346700 0
15 -1.893119883387623700 0
15 -1.892869770574667100 0
15 -1.892642674931995600 0
15 -1.892031512000447800 0
15 -1.891789326589520300 0
15 -1.891504027786304200 0
15 -1.891284532924655700 0
15 -1.890262296904594600 0
15 -1.890036736204281600 0
15 -1.889737569442382100 0
15 -1.889480009726870700 0
15 -1.888814178764421000 0
15 -1.888557565975998300 0
15 -1.888266759742806000 0
15 -1.888066249849328600 0
15 -1.887742574849034600 0
15 -1.887356410721191100 0
15 -1.886981843652574300 0
15 -1.886028025329435300 0
15 -1.886520298265551100 0
15 -1.885609279407332000 0
15 -1.883605120389509900 0
15 -1.884032233380007000 0
15 -1.883090217394480300 0
15 -1.882591846956284600 0
15 -1.882231201778068200 0
15 -1.881803030821678400 0
15 -1.881446530097646000 0
15 -1.881231708594646600 0
15 -1.880907080539771600 0
15 -1.880620234099636500 0
15 -1.879872266328751900 0
15 -1.879573663634087800 0
15 -1.879215528729012400 0
15 -1.878951164818207300 0
15 -1.877814666840969200 0
15 -1.877548473937163700 0
15 -1.877183184764076500 0
15 -1.876877637630803200 0
15 -1.876112209214971100 0
15 -1.875816805054254700 0
15 -1.875480859914292000 0
15 -1.875265966585173900 0
15 -1.874899941179213800 0
15 -1.874450667180612900 0
15 -1.874178942991207200 0
15 -1.873709073485234900 0
15 -1.873303689640235500 0
15 -1.873057690641507500 0
15 -1.872648466799715000 0
15 -1.872262647568475800 0
15 -1.870986573179181900 0
15 -1.868973035342356400 0
15 -1.867303886952519100 0
15 -1.866694916095924300 0
15 -1.865958660278607800 0
15 -1.865476520028896100 0
15 -1.864483931765652300 0
15 -1.862140953799681100 0
15 -1.857782988178531300 0
15 -1.856697322627316500 0
15 -1.856190244450432300 0
15 -1.855358697870476800 0
15 -1.854663482574202800 0
15 -1.852599566280729300 0
15 -1.850930400739252600 0
15 -1.849218868245484600 0
15 -1.848723185494733700 0
15 -1.848183211542089100 0
15 -1.847902078491408600 0
15 -1.847354840398755400 0
15 -1.845919965033412600 0
15 -1.845409206823862600 0
15 -1.844693076914614600 0
15 -1.844293681934491900 0
15 -1.843284318589729600 0
15 -1.842850276792461300 0
15 -1.842280431652167300 0
15 -1.841906168115549700 0
15 -1.840671414162444500 0
15 -1.840291001595177700 0
15 -1.839694935707877100 0
15 -1.839233288345742300 0
15 -1.838131611242236100 0
15 -1.837674447669124000 0
15 -1.837114557573904300 0
15 -1.836823052656643100 0
15 -1.836152483693483100 0
15 -1.833783078504495300 0
15 -1.830922794493583300 0
15 -1.828475163161600300 0
15 -1.827738110700441600 0
15 -1.827438420129310800 0
15 -1.826813642165310900 0
15 -1.826304913111744400 0
15 -1.825079312907850000 0
15 -1.824543729187462900 0
15 -1.823808521796328200 0
15 -1.823360591491256700 0
15 -1.822159618394849900 0
15 -1.821715655992388800 0
15 -1.820974237181885300 0
15 -1.820435647016433100 0
15 -1.819220181277921800 0
15 -1.818717959213866000 0
15 -1.818101746558415900 0
15 -1.817834734382501200 0
15 -1.817136597537594400 0
15 -1.815424273726344900 0
15 -1.814637801926938200 0
15 -1.814329851792307700 0
15 -1.813543457455724800 0
15 -1.812826079981346300 0
15 -1.807009660970370700 0
15 -1.806145975130024600 0
15 -1.805134794983334100 0
15 -1.804762582896546600 0
15 -1.803656200673693100 0
15 -1.801182958267996100 0
15 -1.799955172592676100 0
15 -1.799553165382393500 0
15 -1.798359983393955400 0
15 -1.797341093314216400 0
15 -1.794588980885871300 0
15 -1.793050596295374400 0
15 -1.790022717323020100 0
15 -1.787743469147289300 0
15 -1.783617761633640400 0
15 -1.737270934069516500 0
15 -1.734353021775664600 0
15 -1.730019785283889000 0
15 -1.728300401803410500 0
15 -1.723409863422642200 0
15 -1.720459468600243900 0
15 -1.715653672525485600 0
15 -1.713559099315386900 0
15 -1.708819103907248700 0
15 -1.706881415854503800 0
15 -1.702720038941026200 0
15 -1.700722694438499400 0
15 -1.697330501500843700 0
15 -1.696287099338134900 0
15 -1.694129959081805700 0
15 -1.692828688996968600 0
15 -1.687354141198514900 0
15 -1.685858019076529500 0
15 -1.683156191629823900 0
15 -1.681614241944033200 0
15 -1.664690733483778600 0
15 -1.666484785657271800 0
15 -1.661509141365423300 0
15 -1.659520562584937400 0
15 -1.652689321470163500 0
15 -1.650497205701964000 0
15 -1.646936442983805800 0
15 -1.644829005233798200 0
15 -1.632407150488999000 0
15 -1.608854283545202700 0
15 -1.606319137793408100 0
15 -1.602255008284688500 0
15 -1.599207284296015700 0
15 -1.592217306274022600 0
15 -1.589004974138988000 0
15 -1.584535331702837200 0
15 -1.580943443399798400 0
15 -1.569477468866299100 0
15 -1.565830918092185900 0
15 -1.561507090036325300 0
15 -1.558023678547935600 0
15 -1.552715793020653200 0
15 -1.549579195928134900 0
15 -1.546362805706665000 0
15 -1.544228560119527800 0
